doesnt want to deserialize the file 
bin/transplant -d -p rsrc/testdir2 < rsrc/test_in.bin


0c 0d ed 00 00 00 00 00 00 00 00 00 00 00 00 10

0c 0d ed 02 00 00 00 01 00 00 00 00 00 00 00 10

0c 0d ed 04 00 00 00 01 00 00 00 00 00 00 00 21 00 00 81 a4 00 00 00 00 00 00 00 06 68 65 6c 6c 6f 
0c 0d ed 05 00 00 00 01 00 00 00 00 00 00 00 16 48 65 6c 6c 6f 0a 
0c 0d ed 04 00 00 00 01 00 00 00 00 00 00 00 1f 00 00 41 ed 00 00 00 00 00 00 10 00 64 69 72

	0c 0d ed 02 00 00 00 02 00 00 00 00 00 00 00 10 
	0c 0d ed 04 00 00 00 02 00 00 00 00 00 00 00 23 00 00 81 a4 00 00 00 00 00 00 00 07 67 6f 6f 64 62 79 65
	0c 0d ed 05 00 00 00 02 00 00 00 00 00 00 00 17 64 61 66 73 64 66 61
	0c 0d ed 04 00 00 00 02 00 00 00 00 00 00 00 22 00 00 81 a4 00 00 00 00 00 00 00 07 68 65 6c 6c 6f 31
 	0c 0d ed 05 00 00 00 02 00 00 00 00 00 00 00 17 48 65 6c 6c 6f 31 0a 
	0c 0d ed 03 00 00 00 02 00 00 00 00 00 00 00 10 

0c 0d ed 03 00 00 00 01 00 00 00 00 00 00 00 10 
0c 0d ed 01 00 00 00 00 00 00 00 00 00 00 00 10
